# Created by Octave 4.0.0, Tue Feb 23 08:31:10 2016 India Standard Time <unknown@tanmay-pc>
# name: energySmooth
# type: matrix
# rows: 1
# columns: 590
 0.003853037332743406 0.004552467449754476 0.005188027120567858 0.005727098471485079 0.006157969346083699 0.006485468738060445 0.006715866084769369 0.006852611270640043 0.006917236454039811 0.006934575147274882 0.006912605881784111 0.006884745535533875 0.006866718754451723 0.006872603276371955 0.006903283982165158 0.006956114884279669 0.007030861725378782 0.007126806431356817 0.007238846625667068 0.007365366410929709 0.008420968278869987 0.04903024904867635 0.3672220759238116 1.321876113284473 3.124412021689024 6.091726348916721 10.66154168622103 17.2119683863421 26.1219213954051 37.26721197073748 50.14091193720428 63.87388115170617 77.16906802161124 88.68110992879348 97.12047715684091 101.5349764566442 101.4551743734651 96.99240639519634 88.78074535977237 77.83087984366297 65.35597971571488 52.53589511659732 40.30779308253368 29.41438547633095 20.46541332050012 13.60487713195635 8.635556676917052 5.247608783657475 2.985106888250168 1.620738310316018 0.8744521686518565 0.4799873827519827 0.3189359456617386 0.225810159668047 0.1596733818491921 0.1292765689957887 0.3075342410495505 0.961122541871015 2.193047625892702 4.218788812857121 7.350472540883347 11.79907279660283 17.76116227272488 25.23168099884726 33.96465520770197 43.43226698212744 52.81639948744633 61.2551679962068 68.06151693832615 72.76369529143079 75.11385292325735 75.08171393896136 72.79848755063881 68.49512955519072 62.47573624788792 55.11710694783795 46.83160031106806 38.15835141513236 29.83377310883422 22.36379553612983 16.0459043906915 11.06345942748459 7.326666186659785 4.657726513005793 2.824971089024468 1.628281233535987 0.944182043685764 0.6112645646682942 0.5358202759045178 0.8540052338994109 1.965932445454784 4.399312689005304 8.336621036869381 14.02281476687873 22.0920245756844 33.09027413722136 47.25008019485102 64.12745315386057 82.61062882943123 101.3165533427187 119.0793022947261 134.8510527496111 147.571891666017 156.3963385018444 160.6060208878968 159.6584104597792 153.3155507612479 141.7931316211402 125.8515837830201 106.8079914444623 86.35841134227513 66.34662214055189 48.59478473158779 34.06195363503731 22.72824073240366 14.27022324376087 8.238478509611545 4.285039211545511 2.059295426245128 1.048681529109925 0.6023045286653564 0.3444840434544719 0.2473710823806003 0.3172360545384698 0.5966018484384752 1.334007409965154 2.922130818509124 5.430825451563765 8.966365176741501 13.93988854706949 20.73398448723927 29.58849705459606 40.12251686185198 51.51608679148563 63.15782105810783 74.39419474088447 84.36452608081279 92.22330411460605 97.22436505901842 98.75865806251129 96.49040400028257 90.46026755435655 81.13177509649927 69.4065067287755 56.5060637813407 43.60833898516037 31.77402493757466 21.99051237858217 14.56289334831396 9.147686539755481 5.326212859522645 2.710055740084126 1.201506521095894 0.6221785350833088 0.4281097303356977 0.3062913784842939 0.2292554728457705 0.210936947246734 0.5000509311941452 1.523665859015193 3.485650718693156 6.860444475619402 12.49254738997491 20.99982499546846 33.10615121331187 49.20951503937338 69.41864437274151 93.61137850000458 120.8230475976376 149.4762542843114 177.5920382434672 203.3415092674725 224.9481678971495 240.5767106914641 248.7015839688509 248.2567126844793 238.8928681272575 221.1135721113827 196.2566249439675 166.5443162108082 134.936678240717 104.1235962328349 76.2027300253885 52.82749266314617 34.55616578695923 21.26330624340074 12.19287810292849 6.265724660301489 2.760169092771317 1.010133594391681 0.4120436196498573 0.2805543579672463 0.3059470337538979 0.5831092651031912 1.205414685645979 2.338062669651024 4.433637564904708 8.064617710568477 13.71463920056783 21.79596975458869 32.79008640414234 47.07246041085338 64.54590650908537 84.64559530153154 106.342066260284 128.357776750489 148.9542335499823 166.1009895114941 178.0908165374842 183.7289316411774 182.4508383901353 174.4552063857556 160.6297550675559 142.4474942404076 121.7096994682989 100.195421426338 79.32125930946323 60.26209749399452 43.91494539076806 30.69994289663974 20.50617944608992 12.98555099365646 7.795451038393193 4.469484315782692 2.481493073654268 1.263513320349623 0.5583025229758583 0.3063466203801334 0.3471656559508294 0.5819230005384424 1.076635722428746 1.952383139675017 3.366889197877049 5.534106728697289 8.613597837577853 12.61241872805627 17.4178718337968 22.88875440404667 28.78402259623996 34.70730754734957 40.12534229096938 44.4378314661786 47.18842921324382 48.17697436762891 47.43931216306957 45.29736920520328 42.28230118148728 38.91824383739903 35.68672421198217 32.95762109807347 30.84466500957283 29.27293396704234 28.05055293586366 26.9230265829402 25.69327806328079 24.25110925028855 22.49617511734106 20.31779744247431 17.72454229842965 14.86961819394389 11.98726530448673 9.314314598619099 6.978379470008612 5.029635002033412 3.507051893948763 2.37708235057909 1.570215255159046 1.042709518652782 0.7140807971667499 0.5071642033624462 0.3788363479824737 0.2929561516737566 0.2283168741632253 0.1739371915522031 0.1283347551037557 0.09212456798730417 0.06433971405662596 0.04427459329729901 0.0309062518088147 0.02224083992075175 0.01624501188565046 0.01272148070186377 0.0109995605298318 0.009976843005325644 0.009284531515836716 0.008769868339598178 0.008432605337724088 0.008265452353470029 0.008161954541224984 0.008091251471918076 0.00803274003723636 0.007974406536668538 0.007932462030369788 0.007903622627537698 0.007886750429682435 0.007942651282437147 0.02381435485901311 0.1538228466573171 0.5278370795448311 1.232024638116639 2.376418853576295 4.117313575913664 6.674329111266043 10.17750904289456 14.58876044438779 19.77562042262871 25.51337661187648 31.3442031072978 36.72784631506781 41.23813863650422 44.48714687773502 46.20474696097114 46.26104300821144 44.67949146438828 41.63280907170643 37.41802047315463 32.4104479562371 26.99605363080539 21.60291444766707 16.6499943053823 12.39912900231434 8.945606143338981 6.237778125286288 4.211515133477283 2.788722210597526 1.812033818439208 1.123369144942984 0.6930181243642234 0.4663756860578434 0.3532319335312583 0.4519836546429433 0.8775160622549243 1.706385796302185 3.045097153310385 5.014834561765101 7.740336160434037 11.33840954827834 15.73379433725886 20.702630771627 25.93716636603121 31.05740193187418 35.75798608130114 39.81729183687671 43.07287895823261 45.47167875274447 47.06166207840462 47.83103324664236 47.69836458809087 46.57443223535734 44.36616499576978 41.03356010108171 36.74077935445067 31.81420794639588 26.60692211916977 21.47294317164104 16.70139624979794 12.47461136939917 8.966725933476816 6.225092955852301 4.177673499045429 2.724965902169048 1.715739218229148 1.047518161340617 0.7558162714225243 1.049281240848079 2.152920257841703 4.342659589247033 8.001422479799389 13.38817854910372 20.81858345777709 30.50922032012958 42.12168563570204 54.88001906576902 67.67131411630642 79.1379633600656 87.87065819789116 92.83103393061664 93.60620046823566 90.37508403500124 83.83834427133286 74.9915183027898 64.89494666846497 54.48316606069003 44.41458044286735 35.05783641663957 26.73053298630482 19.68976802702714 13.9925374987565 9.646738930579831 6.434689691542554 4.077613691853172 2.474303335239738 1.450978349759057 0.7984677441206761 0.3887206827324816 0.1912977256697603 0.1566743995208294 0.3039861613095738 0.8050514234694652 1.83685490065394 3.601301791673433 6.449627916853315 10.82623387517119 17.23767804169431 25.99946341063296 37.00205659758998 50.03717745663924 64.74740465737963 80.33773818027099 95.67679158083301 109.4790707313792 120.4581922647251 127.4728621217933 129.6908075986479 126.7756683455037 118.9871388115151 107.1438145731053 92.44540878741344 76.33314535873177 60.29547700735953 45.55378545509288 32.84709449754281 22.51262077804934 14.54321366133504 8.791033502281365 5.040339266739974 2.754814296483621 1.377337196265441 